00000_02.bmp - ({'img': '00000_05.bmp', 'points': [[1, 32, 34, 4.124386376837122], [1, 46, 88, 4.3906384259880475], [0, 47, 96, 3.9269908169872414], [1, 63, 112, 3.9269908169872414], [0, 75, 111, 1.5707963267948966], [0, 81, 126, 1.8925468811915387], [1, 130, 33, 4.3906384259880475], [0, 134, 55, 1.8925468811915387]]}, 1)
00000_11.bmp - ({'img': '00000_00.bmp', 'points': [[1, 94, 102, 3.7295952571373605], [0, 113, 111, 1.2490457723982544]]}, 1)
00000_16.bmp - (0, 0)
00000_17.bmp - ({'img': '00000_19.bmp', 'points': [[1, 25, 32, 0.3217505543966423], [1, 30, 128, 0.0], [0, 31, 56, 2.819842099193151], [1, 102, 78, 5.034139534781332]]}, 3)
00000_25.bmp - ({'img': '00000_20.bmp', 'points': [[1, 48, 63, 5.3003915839322575], [1, 79, 120, 5.034139534781332], [1, 80, 90, 3.7295952571373605], [0, 83, 132, 5.3003915839322575], [1, 99, 98, 4.3906384259880475], [0, 106, 136, 1.2490457723982544], [1, 119, 134, 0.982793723247329], [1, 124, 126, 1.5707963267948966], [0, 128, 91, 3.7295952571373605], [1, 134, 77, 1.8925468811915387], [1, 136, 95, 3.7295952571373605]]}, 1)
00000_45.bmp - ({'img': '00002_67.bmp', 'points': [[0, 28, 35, 5.034139534781332], [0, 40, 136, 4.71238898038469], [0, 45, 91, 5.034139534781332], [1, 63, 116, 4.124386376837122], [0, 77, 124, 4.71238898038469], [1, 94, 80, 4.3906384259880475], [0, 107, 60, 5.497787143782138], [1, 109, 129, 1.2490457723982544], [1, 121, 98, 1.5707963267948966], [0, 122, 52, 5.034139534781332], [0, 130, 48, 4.71238898038469]]}, 2)
00000_46.bmp - ({'img': '00001_07.bmp', 'points': [[0, 25, 97, 5.695182703632018], [0, 26, 80, 5.695182703632018], [0, 27, 48, 5.961434752782944], [0, 28, 62, 5.961434752782944], [0, 32, 121, 5.497787143782138], [0, 61, 133, 5.695182703632018], [1, 83, 131, 4.71238898038469], [0, 86, 114, 5.961434752782944], [1, 87, 49, 0.0], [1, 96, 27, 0.0], [0, 108, 95, 5.695182703632018], [0, 112, 50, 2.819842099193151], [1, 129, 49, 5.034139534781332], [1, 129, 95, 5.034139534781332]]}, 1)
00000_67.bmp - ({'img': '00004_74.bmp', 'points': [[1, 57, 23, 0.0], [1, 74, 40, 5.961434752782944], [0, 81, 92, 3.141592653589793], [0, 88, 113, 3.7295952571373605], [0, 122, 76, 0.0], [1, 127, 35, 3.141592653589793], [0, 127, 45, 0.0], [0, 128, 56, 0.3217505543966423]]}, 2)
00000_74.bmp - ({'img': '00000_77.bmp', 'points': [[0, 26, 80, 3.4633432079864352], [0, 28, 60, 3.7295952571373605], [1, 29, 42, 3.7295952571373605], [0, 99, 83, 2.1587989303424644]]}, 2)
00001_13.bmp - ({'img': '00001_05.bmp', 'points': [[0, 33, 60, 1.5707963267948966], [0, 40, 128, 4.3906384259880475], [0, 48, 82, 4.71238898038469], [1, 50, 67, 4.71238898038469], [0, 55, 43, 1.5707963267948966], [1, 56, 26, 1.5707963267948966], [0, 56, 128, 4.71238898038469], [0, 71, 133, 4.124386376837122], [0, 88, 136, 4.124386376837122], [0, 101, 52, 4.3906384259880475], [1, 102, 32, 1.2490457723982544], [0, 113, 132, 3.9269908169872414], [0, 128, 48, 3.7295952571373605], [0, 128, 105, 3.9269908169872414], [1, 131, 81, 1.2490457723982544]]}, 2)
00001_23.bmp - ({'img': '00001_21.bmp', 'points': [[1, 61, 95, 0.0], [0, 72, 57, 3.141592653589793], [0, 79, 102, 5.961434752782944], [1, 83, 28, 3.7295952571373605], [1, 96, 53, 0.0], [0, 103, 110, 0.3217505543966423], [0, 120, 49, 2.819842099193151], [1, 126, 114, 0.3217505543966423], [1, 128, 31, 5.961434752782944], [0, 139, 21, 2.5535900500422257]]}, 5)
00001_28.bmp - ({'img': '00001_25.bmp', 'points': [[0, 34, 96, 1.5707963267948966], [1, 52, 23, 1.2490457723982544], [0, 57, 80, 1.5707963267948966], [0, 57, 101, 1.5707963267948966], [1, 60, 64, 1.2490457723982544], [0, 97, 69, 4.3906384259880475], [1, 106, 92, 1.2490457723982544], [0, 112, 116, 4.124386376837122], [0, 129, 119, 3.9269908169872414], [1, 137, 78, 1.8925468811915387]]}, 2)
00001_34.bmp - ({'img': '00000_15.bmp', 'points': [[1, 33, 43, 0.0], [1, 88, 97, 5.034139534781332], [1, 98, 91, 3.4633432079864352]]}, 1)
00001_64.bmp - ({'img': '00001_68.bmp', 'points': [[1, 29, 26, 4.71238898038469], [0, 46, 56, 5.961434752782944], [0, 48, 35, 3.141592653589793], [0, 51, 88, 5.695182703632018], [1, 53, 75, 5.3003915839322575], [0, 54, 43, 0.0], [1, 65, 130, 4.71238898038469], [1, 96, 60, 3.141592653589793], [1, 106, 139, 4.71238898038469], [0, 109, 120, 5.695182703632018], [1, 114, 57, 0.0], [0, 120, 40, 2.819842099193151], [1, 132, 110, 4.71238898038469]]}, 9)
00001_69.bmp - ({'img': '00001_40.bmp', 'points': [[1, 19, 70, 5.497787143782138], [0, 32, 51, 0.5880026035475675], [0, 44, 43, 0.5880026035475675], [0, 49, 76, 0.982793723247329], [1, 54, 32, 4.124386376837122], [1, 58, 49, 4.3906384259880475], [1, 70, 53, 4.3906384259880475], [1, 79, 78, 4.3906384259880475], [0, 87, 103, 0.982793723247329], [0, 127, 103, 1.5707963267948966], [0, 131, 96, 4.3906384259880475]]}, 2)
00001_72.bmp - ({'img': '00001_51.bmp', 'points': [[0, 23, 68, 3.141592653589793], [1, 40, 122, 0.3217505543966423], [0, 49, 62, 2.819842099193151], [1, 61, 26, 5.497787143782138], [1, 61, 49, 5.961434752782944], [0, 72, 37, 2.356194490192345], [0, 78, 24, 5.3003915839322575], [0, 80, 128, 2.819842099193151], [1, 81, 48, 5.961434752782944], [0, 90, 23, 2.356194490192345], [0, 91, 114, 2.819842099193151], [0, 100, 101, 3.141592653589793], [0, 101, 74, 2.819842099193151], [0, 115, 93, 2.819842099193151]]}, 2)
00002_14.bmp - ({'img': '00000_19.bmp', 'points': [[1, 25, 32, 0.3217505543966423], [1, 30, 128, 0.0], [0, 31, 56, 2.819842099193151], [1, 102, 78, 5.034139534781332]]}, 1)
00002_19.bmp - ({'img': '00000_64.bmp', 'points': [[0, 31, 86, 3.141592653589793], [0, 45, 92, 2.356194490192345], [0, 46, 72, 2.819842099193151], [0, 48, 115, 2.1587989303424644], [1, 51, 129, 5.695182703632018], [1, 63, 127, 5.3003915839322575], [0, 76, 128, 2.356194490192345], [1, 78, 48, 2.5535900500422257], [1, 89, 32, 4.3906384259880475], [0, 99, 46, 1.8925468811915387], [0, 111, 106, 1.8925468811915387]]}, 2)
00002_23.bmp - ({'img': '00002_29.bmp', 'points': [[0, 80, 30, 2.819842099193151], [0, 80, 88, 3.141592653589793], [1, 89, 110, 0.3217505543966423], [0, 108, 121, 3.141592653589793], [0, 121, 96, 3.141592653589793], [1, 125, 70, 5.961434752782944], [0, 128, 107, 2.356194490192345], [0, 135, 124, 2.356194490192345]]}, 2)
00002_26.bmp - ({'img': '00009_40.bmp', 'points': [[0, 31, 38, 0.0], [0, 36, 124, 2.1587989303424644], [0, 67, 35, 0.3217505543966423], [1, 84, 73, 4.71238898038469], [0, 90, 53, 0.3217505543966423], [1, 91, 66, 5.695182703632018], [0, 95, 34, 0.3217505543966423], [0, 99, 59, 0.7853981633974483], [1, 106, 51, 3.7295952571373605], [0, 123, 73, 0.982793723247329], [0, 128, 129, 1.2490457723982544], [0, 131, 95, 1.2490457723982544]]}, 2)
00002_34.bmp - ({'img': '00007_51.bmp', 'points': [[1, 37, 101, 0.0], [1, 47, 25, 1.8925468811915387], [0, 57, 127, 0.5880026035475675], [0, 67, 51, 3.141592653589793], [1, 72, 31, 5.695182703632018], [1, 73, 72, 0.3217505543966423], [0, 79, 87, 0.0], [0, 90, 126, 3.7295952571373605], [0, 117, 76, 2.819842099193151]]}, 2)
00002_40.bmp - ({'img': '00002_50.bmp', 'points': [[1, 29, 64, 4.71238898038469], [0, 59, 31, 0.982793723247329], [0, 86, 50, 1.2490457723982544], [0, 87, 102, 1.8925468811915387], [1, 104, 63, 4.3906384259880475], [0, 111, 96, 1.5707963267948966], [0, 116, 63, 1.2490457723982544], [0, 125, 84, 1.8925468811915387]]}, 4)
00002_43.bmp - ({'img': '00002_24.bmp', 'points': [[0, 23, 133, 5.3003915839322575], [1, 30, 64, 4.71238898038469], [0, 31, 99, 5.497787143782138], [0, 36, 71, 5.497787143782138], [0, 42, 47, 0.0], [1, 64, 54, 5.034139534781332], [0, 78, 74, 5.961434752782944], [0, 92, 130, 5.695182703632018], [0, 110, 135, 5.695182703632018]]}, 2)
00002_46.bmp - ({'img': '00001_00.bmp', 'points': [[0, 29, 38, 0.982793723247329], [1, 37, 52, 4.71238898038469], [0, 38, 112, 1.8925468811915387], [1, 44, 61, 4.71238898038469], [0, 49, 32, 1.5707963267948966], [0, 83, 123, 5.034139534781332], [0, 93, 105, 5.034139534781332], [0, 99, 25, 1.5707963267948966], [0, 107, 92, 2.1587989303424644], [0, 111, 36, 1.5707963267948966], [0, 124, 49, 1.5707963267948966]]}, 2)
00003_05.bmp - ({'img': '00002_48.bmp', 'points': [[0, 31, 92, 1.2490457723982544], [0, 54, 31, 0.7853981633974483], [0, 77, 47, 1.2490457723982544], [0, 86, 96, 1.2490457723982544], [1, 96, 56, 4.71238898038469], [1, 110, 88, 4.71238898038469], [1, 111, 47, 4.3906384259880475], [0, 125, 71, 1.8925468811915387], [1, 127, 47, 4.3906384259880475]]}, 2)
00003_07.bmp - ({'img': '00000_39.bmp', 'points': [[1, 34, 23, 0.3217505543966423], [0, 34, 48, 3.4633432079864352], [0, 37, 128, 5.961434752782944], [1, 50, 47, 0.0], [0, 51, 101, 0.0], [0, 78, 52, 0.0], [1, 87, 51, 5.961434752782944], [0, 103, 136, 2.819842099193151], [1, 139, 109, 5.961434752782944]]}, 1)
00003_13.bmp - ({'img': '00001_08.bmp', 'points': [[0, 21, 48, 1.2490457723982544], [1, 30, 62, 4.71238898038469], [1, 35, 39, 4.3906384259880475], [0, 44, 72, 1.2490457723982544], [1, 47, 96, 4.3906384259880475], [0, 49, 121, 1.5707963267948966], [0, 60, 20, 1.2490457723982544], [0, 85, 23, 1.2490457723982544], [0, 87, 140, 1.5707963267948966], [0, 93, 121, 4.71238898038469], [0, 102, 30, 1.5707963267948966], [1, 105, 101, 4.71238898038469], [1, 106, 81, 5.034139534781332], [0, 114, 41, 1.2490457723982544], [0, 119, 112, 4.71238898038469], [0, 131, 45, 1.8925468811915387]]}, 2)
00003_16.bmp - ({'img': '00003_19.bmp', 'points': [[0, 32, 75, 0.0], [1, 49, 80, 5.961434752782944], [0, 60, 115, 5.034139534781332], [0, 66, 74, 5.695182703632018], [1, 81, 79, 5.034139534781332], [0, 99, 121, 4.3906384259880475], [1, 115, 32, 4.71238898038469], [0, 136, 39, 0.0]]}, 6)
00003_48.bmp - ({'img': '00002_60.bmp', 'points': [[0, 27, 64, 0.5880026035475675], [0, 33, 90, 0.7853981633974483], [0, 49, 47, 0.7853981633974483], [0, 52, 140, 1.8925468811915387], [1, 58, 127, 4.3906384259880475], [0, 65, 39, 1.2490457723982544], [1, 68, 90, 4.124386376837122], [0, 73, 113, 1.2490457723982544], [0, 93, 50, 1.2490457723982544], [0, 118, 67, 1.2490457723982544], [0, 130, 116, 1.2490457723982544]]}, 2)
00003_60.bmp - ({'img': '00001_53.bmp', 'points': [[0, 23, 79, 0.7853981633974483], [0, 34, 76, 0.982793723247329], [1, 45, 88, 4.71238898038469], [0, 52, 130, 1.8925468811915387], [0, 53, 103, 1.5707963267948966], [0, 79, 57, 1.2490457723982544], [0, 99, 50, 1.2490457723982544], [0, 106, 65, 1.5707963267948966], [1, 107, 127, 5.3003915839322575], [0, 113, 78, 1.5707963267948966], [0, 126, 91, 1.5707963267948966]]}, 1)
00003_62.bmp - ({'img': '00003_64.bmp', 'points': [[0, 35, 129, 4.3906384259880475], [0, 42, 96, 4.3906384259880475], [0, 45, 81, 4.71238898038469], [0, 46, 72, 4.71238898038469], [1, 84, 103, 0.3217505543966423], [0, 95, 71, 3.141592653589793]]}, 2)
00003_68.bmp - ({'img': '00000_72.bmp', 'points': [[0, 58, 86, 5.034139534781332], [1, 64, 64, 4.3906384259880475], [0, 95, 71, 3.4633432079864352], [0, 112, 70, 0.3217505543966423], [0, 124, 50, 0.0], [1, 135, 72, 3.4633432079864352]]}, 1)
00004_24.bmp - ({'img': '00001_25.bmp', 'points': [[0, 34, 96, 1.5707963267948966], [1, 52, 23, 1.2490457723982544], [0, 57, 80, 1.5707963267948966], [0, 57, 101, 1.5707963267948966], [1, 60, 64, 1.2490457723982544], [0, 97, 69, 4.3906384259880475], [1, 106, 92, 1.2490457723982544], [0, 112, 116, 4.124386376837122], [0, 129, 119, 3.9269908169872414], [1, 137, 78, 1.8925468811915387]]}, 2)
00004_26.bmp - ({'img': '00004_25.bmp', 'points': [[1, 31, 30, 5.695182703632018], [0, 54, 34, 2.819842099193151], [1, 70, 38, 0.0], [0, 85, 62, 2.819842099193151], [1, 104, 79, 0.0], [0, 114, 100, 3.141592653589793], [1, 126, 127, 0.5880026035475675], [0, 127, 106, 2.819842099193151]]}, 7)
00004_27.bmp - ({'img': '00004_23.bmp', 'points': [[1, 43, 121, 4.124386376837122], [1, 45, 65, 3.9269908169872414], [0, 49, 98, 0.982793723247329], [0, 55, 48, 4.124386376837122], [0, 61, 79, 0.982793723247329], [0, 69, 48, 4.3906384259880475], [1, 72, 56, 4.3906384259880475], [1, 86, 38, 4.71238898038469], [0, 90, 27, 0.982793723247329]]}, 5)
00004_29.bmp - ({'img': '00000_08.bmp', 'points': [[0, 31, 100, 3.4633432079864352], [1, 39, 95, 4.3906384259880475], [1, 44, 47, 4.3906384259880475], [0, 47, 96, 2.356194490192345], [0, 48, 113, 2.819842099193151], [0, 56, 101, 2.356194490192345], [1, 138, 95, 5.695182703632018]]}, 1)
00004_34.bmp - ({'img': '00001_01.bmp', 'points': [[1, 31, 95, 5.034139534781332], [0, 32, 23, 0.982793723247329], [1, 40, 29, 4.71238898038469], [1, 43, 78, 5.034139534781332], [1, 45, 39, 5.034139534781332], [1, 50, 52, 5.034139534781332], [0, 56, 136, 1.8925468811915387], [0, 62, 26, 1.5707963267948966], [0, 71, 122, 5.3003915839322575], [0, 91, 18, 1.5707963267948966], [1, 92, 110, 4.71238898038469], [0, 98, 128, 5.497787143782138], [0, 101, 99, 2.356194490192345], [0, 108, 132, 5.497787143782138], [0, 112, 33, 1.8925468811915387], [1, 113, 21, 4.71238898038469], [0, 120, 47, 1.8925468811915387], [0, 129, 63, 1.8925468811915387], [0, 142, 127, 0.0]]}, 2)
00004_36.bmp - ({'img': '00004_43.bmp', 'points': [[0, 33, 83, 0.3217505543966423], [1, 35, 108, 5.961434752782944], [0, 44, 36, 0.5880026035475675], [1, 51, 126, 3.141592653589793], [0, 112, 125, 3.7295952571373605], [0, 118, 77, 3.9269908169872414], [0, 121, 48, 3.7295952571373605], [1, 128, 44, 0.5880026035475675], [1, 129, 23, 4.71238898038469], [1, 138, 32, 5.961434752782944]]}, 2)
00004_44.bmp - ({'img': '00001_02.bmp', 'points': [[1, 23, 114, 4.71238898038469], [0, 24, 53, 5.695182703632018], [0, 28, 69, 5.695182703632018], [0, 28, 87, 5.497787143782138], [0, 28, 102, 5.497787143782138], [0, 38, 126, 5.3003915839322575], [0, 66, 133, 5.3003915839322575], [0, 70, 51, 5.961434752782944], [1, 83, 47, 0.0], [0, 88, 28, 3.141592653589793], [1, 89, 131, 4.71238898038469], [0, 91, 113, 5.497787143782138], [0, 107, 46, 2.356194490192345], [0, 112, 96, 5.695182703632018], [0, 128, 43, 5.961434752782944], [0, 131, 85, 5.695182703632018]]}, 2)
00004_48.bmp - ({'img': '00002_68.bmp', 'points': [[1, 34, 44, 4.124386376837122], [0, 34, 72, 0.982793723247329], [0, 35, 111, 0.982793723247329], [0, 48, 118, 1.8925468811915387], [1, 58, 112, 4.71238898038469], [0, 65, 37, 0.982793723247329], [0, 84, 36, 1.2490457723982544], [0, 108, 56, 1.5707963267948966], [0, 116, 132, 2.1587989303424644], [0, 122, 82, 1.2490457723982544]]}, 2)
00004_49.bmp - ({'img': '00004_43.bmp', 'points': [[0, 33, 83, 0.3217505543966423], [1, 35, 108, 5.961434752782944], [0, 44, 36, 0.5880026035475675], [1, 51, 126, 3.141592653589793], [0, 112, 125, 3.7295952571373605], [0, 118, 77, 3.9269908169872414], [0, 121, 48, 3.7295952571373605], [1, 128, 44, 0.5880026035475675], [1, 129, 23, 4.71238898038469], [1, 138, 32, 5.961434752782944]]}, 3)
00004_51.bmp - ({'img': '00001_04.bmp', 'points': [[1, 23, 59, 3.9269908169872414], [1, 27, 82, 4.124386376837122], [0, 34, 112, 0.982793723247329], [0, 40, 31, 0.7853981633974483], [1, 40, 86, 4.124386376837122], [0, 59, 109, 0.982793723247329], [1, 62, 128, 4.3906384259880475], [0, 63, 26, 0.982793723247329], [0, 81, 26, 0.982793723247329], [0, 98, 30, 0.982793723247329], [1, 106, 130, 4.3906384259880475], [0, 107, 112, 4.124386376837122], [0, 108, 74, 1.5707963267948966], [1, 111, 88, 1.5707963267948966], [0, 113, 27, 1.5707963267948966], [0, 124, 30, 1.2490457723982544], [0, 130, 95, 4.71238898038469], [1, 132, 28, 4.3906384259880475]]}, 2)
00004_52.bmp - ({'img': '00000_20.bmp', 'points': [[1, 48, 63, 5.3003915839322575], [1, 79, 120, 5.034139534781332], [1, 80, 90, 3.7295952571373605], [0, 83, 132, 5.3003915839322575], [1, 99, 98, 4.3906384259880475], [0, 106, 136, 1.2490457723982544], [1, 119, 134, 0.982793723247329], [1, 124, 126, 1.5707963267948966], [0, 128, 91, 3.7295952571373605], [1, 134, 77, 1.8925468811915387], [1, 136, 95, 3.7295952571373605]]}, 1)
00004_54.bmp - ({'img': '00004_56.bmp', 'points': [[1, 45, 110, 4.3906384259880475], [1, 46, 86, 4.124386376837122], [0, 64, 66, 1.2490457723982544], [0, 81, 45, 1.2490457723982544], [0, 95, 29, 1.2490457723982544]]}, 4)
00005_03.bmp - ({'img': '00001_59.bmp', 'points': [[0, 49, 59, 0.0], [0, 56, 77, 0.0], [1, 69, 107, 5.034139534781332], [0, 75, 123, 5.695182703632018], [0, 78, 44, 0.0], [1, 88, 115, 5.497787143782138], [0, 102, 103, 0.3217505543966423], [1, 110, 131, 3.141592653589793], [1, 126, 108, 3.141592653589793]]}, 2)
00005_04.bmp - ({'img': '00008_77.bmp', 'points': [[0, 46, 79, 0.5880026035475675], [0, 63, 129, 0.3217505543966423], [0, 82, 111, 0.7853981633974483], [0, 118, 94, 0.7853981633974483], [0, 133, 65, 3.141592653589793]]}, 2)
00005_06.bmp - ({'img': '00000_20.bmp', 'points': [[1, 48, 63, 5.3003915839322575], [1, 79, 120, 5.034139534781332], [1, 80, 90, 3.7295952571373605], [0, 83, 132, 5.3003915839322575], [1, 99, 98, 4.3906384259880475], [0, 106, 136, 1.2490457723982544], [1, 119, 134, 0.982793723247329], [1, 124, 126, 1.5707963267948966], [0, 128, 91, 3.7295952571373605], [1, 134, 77, 1.8925468811915387], [1, 136, 95, 3.7295952571373605]]}, 2)
00005_10.bmp - ({'img': '00009_42.bmp', 'points': [[0, 26, 50, 3.7295952571373605], [1, 40, 137, 5.961434752782944], [0, 77, 132, 2.356194490192345], [0, 96, 118, 2.356194490192345], [0, 105, 21, 1.5707963267948966], [0, 107, 81, 1.8925468811915387], [1, 113, 96, 5.034139534781332], [0, 117, 54, 1.8925468811915387], [0, 119, 37, 1.5707963267948966], [0, 123, 80, 1.5707963267948966]]}, 2)
00005_14.bmp - ({'img': '00000_20.bmp', 'points': [[1, 48, 63, 5.3003915839322575], [1, 79, 120, 5.034139534781332], [1, 80, 90, 3.7295952571373605], [0, 83, 132, 5.3003915839322575], [1, 99, 98, 4.3906384259880475], [0, 106, 136, 1.2490457723982544], [1, 119, 134, 0.982793723247329], [1, 124, 126, 1.5707963267948966], [0, 128, 91, 3.7295952571373605], [1, 134, 77, 1.8925468811915387], [1, 136, 95, 3.7295952571373605]]}, 1)
00005_16.bmp - ({'img': '00000_62.bmp', 'points': [[0, 52, 48, 5.034139534781332], [0, 88, 31, 5.695182703632018], [1, 100, 33, 5.034139534781332], [1, 111, 52, 5.034139534781332], [0, 112, 35, 5.695182703632018], [0, 112, 92, 5.961434752782944], [0, 113, 70, 5.695182703632018], [0, 129, 80, 5.961434752782944]]}, 1)
00005_19.bmp - ({'img': '00000_15.bmp', 'points': [[1, 33, 43, 0.0], [1, 88, 97, 5.034139534781332], [1, 98, 91, 3.4633432079864352]]}, 1)
00005_28.bmp - ({'img': '00001_50.bmp', 'points': [[1, 31, 108, 3.7295952571373605], [0, 40, 95, 0.5880026035475675], [1, 45, 136, 3.141592653589793], [1, 49, 84, 4.124386376837122], [1, 54, 104, 4.3906384259880475], [0, 69, 59, 0.982793723247329], [0, 70, 111, 1.2490457723982544], [0, 80, 138, 0.982793723247329], [0, 84, 43, 0.982793723247329], [0, 97, 54, 1.2490457723982544], [0, 109, 62, 0.982793723247329], [1, 124, 63, 4.3906384259880475], [1, 128, 128, 1.5707963267948966]]}, 2)
00005_46.bmp - ({'img': '00001_02.bmp', 'points': [[1, 23, 114, 4.71238898038469], [0, 24, 53, 5.695182703632018], [0, 28, 69, 5.695182703632018], [0, 28, 87, 5.497787143782138], [0, 28, 102, 5.497787143782138], [0, 38, 126, 5.3003915839322575], [0, 66, 133, 5.3003915839322575], [0, 70, 51, 5.961434752782944], [1, 83, 47, 0.0], [0, 88, 28, 3.141592653589793], [1, 89, 131, 4.71238898038469], [0, 91, 113, 5.497787143782138], [0, 107, 46, 2.356194490192345], [0, 112, 96, 5.695182703632018], [0, 128, 43, 5.961434752782944], [0, 131, 85, 5.695182703632018]]}, 2)
00005_51.bmp - ({'img': '00001_09.bmp', 'points': [[1, 25, 35, 4.71238898038469], [0, 34, 105, 1.8925468811915387], [0, 37, 29, 1.2490457723982544], [1, 41, 81, 4.71238898038469], [1, 42, 43, 4.71238898038469], [1, 48, 54, 1.2490457723982544], [1, 54, 25, 4.71238898038469], [1, 62, 133, 5.034139534781332], [0, 76, 123, 5.034139534781332], [0, 85, 17, 1.5707963267948966], [1, 95, 109, 5.034139534781332], [0, 102, 125, 5.497787143782138], [0, 103, 96, 2.356194490192345], [0, 107, 31, 1.2490457723982544], [1, 114, 45, 4.71238898038469], [0, 126, 57, 2.1587989303424644], [1, 139, 63, 5.3003915839322575]]}, 1)
00005_57.bmp - ({'img': '00000_09.bmp', 'points': [[0, 25, 103, 5.961434752782944], [0, 48, 43, 0.0], [1, 109, 99, 3.4633432079864352], [1, 115, 117, 5.034139534781332], [0, 123, 96, 0.7853981633974483]]}, 1)
00005_61.bmp - ({'img': '00000_62.bmp', 'points': [[0, 52, 48, 5.034139534781332], [0, 88, 31, 5.695182703632018], [1, 100, 33, 5.034139534781332], [1, 111, 52, 5.034139534781332], [0, 112, 35, 5.695182703632018], [0, 112, 92, 5.961434752782944], [0, 113, 70, 5.695182703632018], [0, 129, 80, 5.961434752782944]]}, 2)
00005_62.bmp - ({'img': '00007_06.bmp', 'points': [[0, 27, 64, 1.5707963267948966], [1, 50, 129, 4.71238898038469], [0, 94, 44, 5.034139534781332], [0, 95, 86, 5.695182703632018], [0, 114, 46, 5.497787143782138]]}, 2)
00005_63.bmp - ({'img': '00002_31.bmp', 'points': [[0, 21, 65, 3.141592653589793], [0, 22, 95, 2.5535900500422257], [1, 24, 39, 0.0], [1, 27, 108, 0.0], [1, 32, 119, 5.497787143782138], [0, 46, 67, 2.5535900500422257], [0, 51, 120, 2.819842099193151], [0, 83, 48, 2.1587989303424644], [0, 101, 45, 2.1587989303424644], [1, 109, 22, 5.034139534781332]]}, 2)
00005_64.bmp - ({'img': '00005_68.bmp', 'points': [[0, 26, 135, 4.3906384259880475], [1, 47, 43, 4.71238898038469], [0, 87, 90, 0.5880026035475675], [1, 101, 33, 5.034139534781332], [0, 113, 61, 0.0], [0, 129, 110, 2.819842099193151]]}, 5)
00005_71.bmp - ({'img': '00005_73.bmp', 'points': [[0, 65, 59, 4.124386376837122], [1, 73, 122, 0.0]]}, 2)
00005_77.bmp - ({'img': '00007_24.bmp', 'points': [[1, 40, 91, 5.034139534781332], [1, 61, 40, 3.4633432079864352], [1, 76, 78, 0.3217505543966423], [1, 81, 88, 5.497787143782138], [0, 85, 123, 5.961434752782944], [1, 90, 28, 0.0], [1, 90, 112, 3.141592653589793], [1, 95, 125, 5.497787143782138], [1, 102, 129, 4.71238898038469], [0, 105, 116, 0.5880026035475675], [0, 112, 128, 0.982793723247329], [1, 114, 57, 3.4633432079864352]]}, 2)
00005_78.bmp - ({'img': '00006_18.bmp', 'points': [[1, 36, 97, 5.3003915839322575], [0, 53, 73, 0.0], [1, 62, 22, 3.9269908169872414], [1, 64, 96, 5.3003915839322575], [0, 67, 55, 0.5880026035475675], [1, 79, 85, 3.4633432079864352], [1, 79, 94, 4.124386376837122], [1, 82, 23, 1.2490457723982544], [0, 141, 114, 3.7295952571373605]]}, 2)
00006_03.bmp - ({'img': '00006_01.bmp', 'points': [[0, 24, 60, 0.3217505543966423], [0, 46, 142, 5.034139534781332], [0, 49, 52, 0.7853981633974483], [1, 69, 45, 4.124386376837122], [0, 87, 64, 4.3906384259880475], [1, 99, 31, 4.3906384259880475], [1, 131, 40, 5.695182703632018], [1, 135, 98, 0.3217505543966423]]}, 5)
00006_13.bmp - ({'img': '00001_62.bmp', 'points': [[0, 40, 79, 5.034139534781332], [1, 46, 96, 4.124386376837122], [0, 48, 23, 1.8925468811915387], [0, 61, 97, 4.71238898038469], [1, 71, 56, 4.3906384259880475], [0, 73, 108, 4.3906384259880475], [0, 78, 35, 2.1587989303424644], [0, 87, 117, 4.3906384259880475], [0, 89, 17, 1.8925468811915387], [0, 91, 127, 4.124386376837122], [0, 116, 120, 4.3906384259880475], [0, 127, 44, 4.71238898038469], [0, 131, 72, 5.034139534781332], [0, 135, 102, 4.3906384259880475]]}, 2)
00006_15.bmp - ({'img': '00001_65.bmp', 'points': [[0, 20, 74, 2.1587989303424644], [1, 21, 18, 4.71238898038469], [1, 31, 123, 4.71238898038469], [0, 36, 51, 2.1587989303424644], [0, 37, 17, 1.8925468811915387], [1, 53, 21, 5.034139534781332], [0, 54, 132, 0.0], [1, 56, 114, 5.034139534781332], [1, 69, 103, 0.0], [0, 78, 24, 1.8925468811915387], [0, 97, 46, 1.8925468811915387], [1, 101, 31, 1.5707963267948966], [0, 103, 63, 1.8925468811915387], [0, 105, 78, 2.5535900500422257], [1, 110, 103, 5.961434752782944], [0, 112, 132, 0.3217505543966423], [0, 113, 93, 2.5535900500422257], [1, 121, 129, 3.7295952571373605], [1, 130, 110, 0.3217505543966423], [1, 137, 116, 3.141592653589793], [1, 140, 84, 5.3003915839322575]]}, 2)
00006_41.bmp - ({'img': '00006_42.bmp', 'points': [[0, 47, 33, 0.0], [0, 59, 114, 5.034139534781332], [0, 71, 27, 0.982793723247329], [0, 94, 26, 0.7853981633974483], [1, 106, 119, 1.5707963267948966], [0, 110, 41, 4.124386376837122]]}, 4)
00006_50.bmp - ({'img': '00001_05.bmp', 'points': [[0, 33, 60, 1.5707963267948966], [0, 40, 128, 4.3906384259880475], [0, 48, 82, 4.71238898038469], [1, 50, 67, 4.71238898038469], [0, 55, 43, 1.5707963267948966], [1, 56, 26, 1.5707963267948966], [0, 56, 128, 4.71238898038469], [0, 71, 133, 4.124386376837122], [0, 88, 136, 4.124386376837122], [0, 101, 52, 4.3906384259880475], [1, 102, 32, 1.2490457723982544], [0, 113, 132, 3.9269908169872414], [0, 128, 48, 3.7295952571373605], [0, 128, 105, 3.9269908169872414], [1, 131, 81, 1.2490457723982544]]}, 2)
00006_69.bmp - ({'img': '00001_02.bmp', 'points': [[1, 23, 114, 4.71238898038469], [0, 24, 53, 5.695182703632018], [0, 28, 69, 5.695182703632018], [0, 28, 87, 5.497787143782138], [0, 28, 102, 5.497787143782138], [0, 38, 126, 5.3003915839322575], [0, 66, 133, 5.3003915839322575], [0, 70, 51, 5.961434752782944], [1, 83, 47, 0.0], [0, 88, 28, 3.141592653589793], [1, 89, 131, 4.71238898038469], [0, 91, 113, 5.497787143782138], [0, 107, 46, 2.356194490192345], [0, 112, 96, 5.695182703632018], [0, 128, 43, 5.961434752782944], [0, 131, 85, 5.695182703632018]]}, 2)
00006_70.bmp - ({'img': '00000_20.bmp', 'points': [[1, 48, 63, 5.3003915839322575], [1, 79, 120, 5.034139534781332], [1, 80, 90, 3.7295952571373605], [0, 83, 132, 5.3003915839322575], [1, 99, 98, 4.3906384259880475], [0, 106, 136, 1.2490457723982544], [1, 119, 134, 0.982793723247329], [1, 124, 126, 1.5707963267948966], [0, 128, 91, 3.7295952571373605], [1, 134, 77, 1.8925468811915387], [1, 136, 95, 3.7295952571373605]]}, 2)
00007_08.bmp - ({'img': '00000_64.bmp', 'points': [[0, 31, 86, 3.141592653589793], [0, 45, 92, 2.356194490192345], [0, 46, 72, 2.819842099193151], [0, 48, 115, 2.1587989303424644], [1, 51, 129, 5.695182703632018], [1, 63, 127, 5.3003915839322575], [0, 76, 128, 2.356194490192345], [1, 78, 48, 2.5535900500422257], [1, 89, 32, 4.3906384259880475], [0, 99, 46, 1.8925468811915387], [0, 111, 106, 1.8925468811915387]]}, 2)
00007_35.bmp - ({'img': '00002_37.bmp', 'points': [[0, 20, 90, 2.5535900500422257], [0, 22, 61, 3.141592653589793], [0, 24, 108, 2.819842099193151], [1, 27, 35, 0.3217505543966423], [0, 32, 111, 5.695182703632018], [0, 46, 64, 2.5535900500422257], [0, 47, 115, 2.819842099193151], [1, 65, 49, 3.4633432079864352], [0, 85, 48, 2.356194490192345], [0, 103, 47, 1.8925468811915387], [1, 113, 24, 5.034139534781332]]}, 2)
00007_63.bmp - ({'img': '00004_77.bmp', 'points': [[1, 54, 134, 1.2490457723982544], [0, 64, 111, 4.3906384259880475], [0, 70, 123, 3.9269908169872414], [1, 78, 92, 0.982793723247329], [0, 81, 131, 3.7295952571373605], [0, 85, 67, 3.9269908169872414], [0, 96, 45, 3.9269908169872414], [0, 116, 102, 0.7853981633974483], [0, 137, 56, 3.7295952571373605]]}, 2)
00007_64.bmp - ({'img': '00002_39.bmp', 'points': [[0, 39, 86, 0.0], [0, 48, 29, 0.0], [0, 53, 96, 0.0], [0, 91, 113, 0.3217505543966423], [0, 105, 134, 0.982793723247329], [0, 127, 114, 0.3217505543966423], [0, 128, 78, 0.3217505543966423], [1, 133, 101, 3.4633432079864352], [0, 135, 91, 3.4633432079864352]]}, 2)
00007_65.bmp - ({'img': '00002_39.bmp', 'points': [[0, 39, 86, 0.0], [0, 48, 29, 0.0], [0, 53, 96, 0.0], [0, 91, 113, 0.3217505543966423], [0, 105, 134, 0.982793723247329], [0, 127, 114, 0.3217505543966423], [0, 128, 78, 0.3217505543966423], [1, 133, 101, 3.4633432079864352], [0, 135, 91, 3.4633432079864352]]}, 2)
00007_67.bmp - ({'img': '00000_79.bmp', 'points': [[1, 66, 55, 5.497787143782138], [0, 113, 89, 0.3217505543966423], [0, 132, 75, 0.5880026035475675], [0, 132, 96, 0.5880026035475675], [1, 132, 133, 0.7853981633974483]]}, 2)
00007_77.bmp - ({'img': '00000_32.bmp', 'points': [[0, 31, 39, 0.0], [0, 64, 132, 1.8925468811915387], [1, 71, 127, 4.3906384259880475], [0, 80, 112, 0.3217505543966423], [1, 97, 100, 0.0], [1, 97, 128, 4.3906384259880475], [0, 105, 97, 0.0], [0, 132, 41, 3.141592653589793]]}, 1)
00008_21.bmp - ({'img': '00002_60.bmp', 'points': [[0, 27, 64, 0.5880026035475675], [0, 33, 90, 0.7853981633974483], [0, 49, 47, 0.7853981633974483], [0, 52, 140, 1.8925468811915387], [1, 58, 127, 4.3906384259880475], [0, 65, 39, 1.2490457723982544], [1, 68, 90, 4.124386376837122], [0, 73, 113, 1.2490457723982544], [0, 93, 50, 1.2490457723982544], [0, 118, 67, 1.2490457723982544], [0, 130, 116, 1.2490457723982544]]}, 2)
00008_39.bmp - ({'img': '00008_31.bmp', 'points': [[1, 24, 112, 0.0], [0, 80, 68, 2.819842099193151], [1, 111, 39, 5.497787143782138], [0, 137, 42, 2.5535900500422257]]}, 3)
00008_43.bmp - ({'img': '00001_04.bmp', 'points': [[1, 23, 59, 3.9269908169872414], [1, 27, 82, 4.124386376837122], [0, 34, 112, 0.982793723247329], [0, 40, 31, 0.7853981633974483], [1, 40, 86, 4.124386376837122], [0, 59, 109, 0.982793723247329], [1, 62, 128, 4.3906384259880475], [0, 63, 26, 0.982793723247329], [0, 81, 26, 0.982793723247329], [0, 98, 30, 0.982793723247329], [1, 106, 130, 4.3906384259880475], [0, 107, 112, 4.124386376837122], [0, 108, 74, 1.5707963267948966], [1, 111, 88, 1.5707963267948966], [0, 113, 27, 1.5707963267948966], [0, 124, 30, 1.2490457723982544], [0, 130, 95, 4.71238898038469], [1, 132, 28, 4.3906384259880475]]}, 2)
00008_47.bmp - ({'img': '00000_32.bmp', 'points': [[0, 31, 39, 0.0], [0, 64, 132, 1.8925468811915387], [1, 71, 127, 4.3906384259880475], [0, 80, 112, 0.3217505543966423], [1, 97, 100, 0.0], [1, 97, 128, 4.3906384259880475], [0, 105, 97, 0.0], [0, 132, 41, 3.141592653589793]]}, 1)
00008_49.bmp - ({'img': '00001_60.bmp', 'points': [[0, 31, 96, 1.2490457723982544], [0, 33, 46, 1.2490457723982544], [0, 39, 122, 1.5707963267948966], [0, 58, 36, 0.7853981633974483], [1, 63, 50, 4.71238898038469], [0, 79, 50, 1.2490457723982544], [1, 84, 144, 1.5707963267948966], [1, 92, 100, 4.71238898038469], [1, 92, 120, 4.3906384259880475], [1, 93, 55, 4.71238898038469], [0, 106, 131, 5.034139534781332], [0, 110, 53, 1.8925468811915387], [1, 130, 135, 0.3217505543966423], [0, 143, 96, 5.961434752782944]]}, 2)
00008_50.bmp - ({'img': '00000_24.bmp', 'points': [[0, 37, 110, 0.0], [0, 39, 118, 2.819842099193151], [0, 41, 48, 4.3906384259880475], [1, 43, 91, 1.2490457723982544], [1, 46, 22, 0.0], [0, 48, 100, 0.5880026035475675], [1, 54, 113, 5.034139534781332], [1, 60, 31, 1.5707963267948966], [1, 61, 109, 0.982793723247329], [0, 64, 40, 1.2490457723982544], [1, 71, 85, 4.71238898038469], [1, 76, 29, 4.71238898038469], [1, 76, 128, 5.497787143782138], [0, 77, 96, 1.8925468811915387], [1, 106, 30, 4.71238898038469], [1, 123, 129, 5.034139534781332]]}, 1)
00008_51.bmp - ({'img': '00001_63.bmp', 'points': [[0, 24, 73, 0.5880026035475675], [0, 32, 118, 0.3217505543966423], [0, 39, 51, 0.3217505543966423], [0, 46, 118, 0.7853981633974483], [0, 49, 56, 0.5880026035475675], [1, 78, 52, 4.124386376837122], [0, 105, 94, 1.2490457723982544], [0, 108, 112, 4.3906384259880475], [0, 110, 134, 4.124386376837122], [0, 128, 46, 5.3003915839322575]]}, 2)
00008_55.bmp - ({'img': '00002_15.bmp', 'points': [[1, 22, 129, 1.2490457723982544], [0, 29, 18, 4.124386376837122], [0, 37, 112, 4.3906384259880475], [0, 80, 28, 4.71238898038469], [0, 89, 86, 3.9269908169872414], [0, 93, 51, 4.3906384259880475], [1, 95, 66, 0.5880026035475675], [0, 108, 105, 3.4633432079864352], [0, 135, 85, 3.141592653589793]]}, 2)
00008_66.bmp - ({'img': '00001_41.bmp', 'points': [[1, 26, 86, 4.71238898038469], [1, 28, 61, 4.71238898038469], [0, 33, 51, 4.3906384259880475], [0, 73, 55, 4.124386376837122], [1, 79, 81, 1.2490457723982544], [1, 86, 106, 1.5707963267948966], [0, 94, 129, 4.124386376837122], [1, 96, 112, 1.5707963267948966], [0, 110, 84, 3.9269908169872414], [1, 112, 114, 0.7853981633974483], [1, 128, 113, 0.5880026035475675]]}, 2)
00008_74.bmp - ({'img': '00008_76.bmp', 'points': [[0, 24, 76, 0.5880026035475675], [0, 46, 54, 3.9269908169872414], [0, 52, 132, 0.5880026035475675], [0, 86, 49, 4.124386376837122], [1, 113, 95, 0.982793723247329], [0, 126, 125, 3.9269908169872414], [1, 133, 63, 1.2490457723982544]]}, 3)
00008_75.bmp - ({'img': '00008_73.bmp', 'points': [[0, 48, 22, 0.982793723247329], [0, 54, 59, 0.982793723247329], [0, 63, 106, 1.2490457723982544], [0, 64, 129, 1.5707963267948966], [0, 102, 114, 1.2490457723982544], [0, 123, 39, 4.124386376837122], [0, 131, 100, 3.9269908169872414]]}, 3)
00009_01.bmp - ({'img': '00001_18.bmp', 'points': [[1, 30, 64, 5.034139534781332], [0, 35, 81, 5.961434752782944], [0, 38, 53, 0.0], [0, 46, 33, 0.0], [0, 47, 96, 5.961434752782944], [0, 56, 23, 0.0], [0, 57, 130, 5.695182703632018], [1, 58, 117, 4.71238898038469], [1, 64, 106, 5.034139534781332], [0, 76, 94, 0.0], [1, 93, 37, 3.7295952571373605], [0, 104, 92, 0.0], [1, 111, 41, 0.5880026035475675], [0, 126, 27, 3.4633432079864352], [0, 126, 99, 0.0], [0, 130, 53, 3.141592653589793]]}, 2)
00009_06.bmp - ({'img': '00009_09.bmp', 'points': [[1, 41, 98, 0.0], [1, 47, 109, 5.961434752782944], [0, 66, 106, 2.5535900500422257], [1, 78, 86, 5.695182703632018], [1, 95, 78, 5.3003915839322575], [0, 103, 57, 2.1587989303424644], [1, 131, 42, 5.497787143782138]]}, 4)
00009_07.bmp - ({'img': '00009_02.bmp', 'points': [[0, 34, 64, 3.4633432079864352], [1, 38, 74, 0.3217505543966423], [1, 56, 85, 0.3217505543966423], [1, 68, 132, 0.3217505543966423], [0, 74, 112, 3.4633432079864352], [0, 77, 88, 3.4633432079864352], [0, 94, 94, 3.141592653589793], [1, 111, 135, 0.0], [0, 112, 83, 3.141592653589793], [0, 139, 94, 3.141592653589793]]}, 3)
00009_14.bmp - ({'img': '00009_52.bmp', 'points': [[1, 36, 30, 5.034139534781332], [0, 41, 74, 4.71238898038469], [0, 42, 47, 5.695182703632018], [1, 44, 34, 5.497787143782138], [0, 45, 111, 4.71238898038469], [1, 50, 48, 4.124386376837122], [0, 53, 32, 1.8925468811915387], [1, 54, 120, 0.982793723247329], [1, 55, 95, 1.5707963267948966], [0, 69, 135, 3.9269908169872414], [1, 77, 26, 4.71238898038469], [1, 104, 63, 5.961434752782944], [0, 111, 72, 2.5535900500422257], [0, 133, 29, 5.961434752782944], [0, 141, 82, 0.0]]}, 2)
00009_15.bmp - ({'img': '00005_48.bmp', 'points': [[1, 32, 58, 1.2490457723982544], [0, 62, 131, 4.124386376837122], [1, 73, 113, 0.7853981633974483], [1, 85, 128, 0.3217505543966423], [0, 92, 41, 5.497787143782138], [0, 104, 122, 3.4633432079864352]]}, 2)
00009_24.bmp - ({'img': '00009_21.bmp', 'points': [[1, 37, 66, 0.0], [0, 38, 102, 2.5535900500422257], [0, 48, 121, 2.1587989303424644], [0, 69, 124, 2.356194490192345], [1, 81, 125, 5.034139534781332], [1, 99, 42, 5.034139534781332], [1, 100, 125, 5.034139534781332], [0, 116, 31, 1.2490457723982544], [0, 123, 128, 2.1587989303424644], [0, 128, 22, 1.2490457723982544], [0, 134, 76, 1.5707963267948966]]}, 4)
00009_28.bmp - ({'img': '00001_04.bmp', 'points': [[1, 23, 59, 3.9269908169872414], [1, 27, 82, 4.124386376837122], [0, 34, 112, 0.982793723247329], [0, 40, 31, 0.7853981633974483], [1, 40, 86, 4.124386376837122], [0, 59, 109, 0.982793723247329], [1, 62, 128, 4.3906384259880475], [0, 63, 26, 0.982793723247329], [0, 81, 26, 0.982793723247329], [0, 98, 30, 0.982793723247329], [1, 106, 130, 4.3906384259880475], [0, 107, 112, 4.124386376837122], [0, 108, 74, 1.5707963267948966], [1, 111, 88, 1.5707963267948966], [0, 113, 27, 1.5707963267948966], [0, 124, 30, 1.2490457723982544], [0, 130, 95, 4.71238898038469], [1, 132, 28, 4.3906384259880475]]}, 2)
00009_30.bmp - ({'img': '00009_48.bmp', 'points': [[0, 31, 129, 3.141592653589793], [0, 32, 40, 3.9269908169872414], [0, 65, 132, 2.819842099193151], [0, 87, 79, 0.982793723247329], [0, 88, 124, 2.819842099193151], [0, 105, 90, 1.5707963267948966], [1, 108, 105, 5.034139534781332], [0, 121, 30, 1.5707963267948966], [0, 123, 65, 1.8925468811915387], [0, 124, 93, 1.8925468811915387], [0, 128, 49, 1.5707963267948966]]}, 2)
00009_47.bmp - ({'img': '00002_49.bmp', 'points': [[0, 35, 88, 5.034139534781332], [0, 36, 64, 5.3003915839322575], [0, 51, 88, 5.034139534781332], [1, 56, 57, 4.3906384259880475], [0, 81, 62, 5.3003915839322575]]}, 2)
00009_50.bmp - ({'img': '00000_42.bmp', 'points': [[0, 29, 97, 2.819842099193151], [0, 48, 71, 1.2490457723982544], [1, 49, 105, 5.497787143782138], [0, 76, 131, 2.356194490192345], [0, 110, 107, 5.3003915839322575], [1, 124, 94, 5.3003915839322575], [1, 124, 112, 4.71238898038469], [0, 128, 104, 2.1587989303424644]]}, 1)
00009_63.bmp - ({'img': '00000_60.bmp', 'points': [[0, 51, 99, 1.5707963267948966], [0, 51, 119, 2.1587989303424644], [0, 67, 113, 1.5707963267948966], [0, 70, 43, 0.982793723247329], [1, 80, 129, 4.71238898038469], [1, 95, 134, 4.71238898038469], [0, 106, 128, 1.5707963267948966], [1, 111, 112, 4.3906384259880475], [1, 121, 81, 4.124386376837122]]}, 2)
