00000_11.bmp - {'img': '00000_40.bmp', 'points': [[0, 55, 135, 5.695182703632018], [1, 62, 130, 5.695182703632018], [0, 65, 121, 2.1587989303424644], [0, 66, 103, 2.356194490192345], [1, 71, 97, 4.71238898038469], [1, 86, 97, 4.71238898038469], [1, 109, 119, 4.71238898038469], [1, 114, 62, 4.3906384259880475], [0, 118, 80, 4.3906384259880475]]} - 1
00000_17.bmp - {'img': '00008_58.bmp', 'points': [[0, 17, 46, 2.819842099193151], [1, 21, 124, 5.961434752782944], [0, 29, 67, 3.141592653589793], [1, 30, 115, 0.0], [0, 33, 94, 0.0], [1, 46, 128, 4.3906384259880475], [0, 65, 132, 5.961434752782944], [1, 83, 30, 0.0], [0, 89, 29, 0.3217505543966423], [1, 97, 28, 0.0], [1, 102, 104, 5.034139534781332]]} - 2
00001_28.bmp - {'img': '00001_05.bmp', 'points': [[0, 33, 60, 1.5707963267948966], [0, 40, 128, 4.3906384259880475], [0, 48, 82, 4.71238898038469], [1, 50, 67, 4.71238898038469], [0, 55, 43, 1.5707963267948966], [1, 56, 26, 1.5707963267948966], [0, 56, 128, 4.71238898038469], [0, 71, 133, 4.124386376837122], [0, 88, 136, 4.124386376837122], [0, 101, 52, 4.3906384259880475], [1, 102, 32, 1.2490457723982544], [0, 113, 132, 3.9269908169872414], [0, 128, 48, 3.7295952571373605], [0, 128, 105, 3.9269908169872414], [1, 131, 81, 1.2490457723982544]]} - 5
00001_34.bmp - {'img': '00001_18.bmp', 'points': [[1, 30, 64, 5.034139534781332], [0, 35, 81, 5.961434752782944], [0, 38, 53, 0.0], [0, 46, 33, 0.0], [0, 47, 96, 5.961434752782944], [0, 56, 23, 0.0], [0, 57, 130, 5.695182703632018], [1, 58, 117, 4.71238898038469], [1, 64, 106, 5.034139534781332], [0, 76, 94, 0.0], [0, 91, 127, 5.695182703632018], [1, 93, 37, 3.7295952571373605], [0, 104, 92, 0.0], [1, 111, 41, 0.5880026035475675], [0, 126, 27, 3.4633432079864352], [0, 126, 99, 0.0], [0, 130, 53, 3.141592653589793]]} - 3
00002_40.bmp - {'img': '00002_48.bmp', 'points': [[0, 21, 65, 1.2490457723982544], [0, 31, 92, 1.2490457723982544], [0, 54, 31, 0.7853981633974483], [0, 77, 47, 1.2490457723982544], [0, 86, 96, 1.2490457723982544], [1, 96, 56, 4.71238898038469], [1, 110, 88, 4.71238898038469], [1, 111, 47, 4.3906384259880475], [0, 125, 71, 1.8925468811915387], [1, 127, 47, 4.3906384259880475]]} - 3
00002_46.bmp - {'img': '00002_29.bmp', 'points': [[0, 80, 30, 2.819842099193151], [0, 80, 88, 3.141592653589793], [1, 89, 110, 0.3217505543966423], [0, 108, 121, 3.141592653589793], [0, 121, 96, 3.141592653589793], [1, 125, 70, 5.961434752782944], [0, 128, 107, 2.356194490192345], [0, 135, 124, 2.356194490192345], [1, 139, 131, 0.0]]} - 4
00003_60.bmp - {'img': '00002_50.bmp', 'points': [[1, 29, 64, 4.71238898038469], [0, 59, 31, 0.982793723247329], [0, 86, 50, 1.2490457723982544], [0, 87, 102, 1.8925468811915387], [1, 104, 63, 4.3906384259880475], [0, 111, 96, 1.5707963267948966], [0, 116, 63, 1.2490457723982544], [0, 125, 84, 1.8925468811915387]]} - 1
00003_68.bmp - {'img': '00003_65.bmp', 'points': [[1, 57, 73, 5.034139534781332], [1, 64, 31, 0.3217505543966423], [0, 79, 96, 5.034139534781332], [0, 80, 39, 0.3217505543966423], [1, 94, 55, 4.71238898038469], [0, 95, 47, 0.0], [1, 103, 48, 4.124386376837122]]} - 2
00004_34.bmp - {'img': '00004_38.bmp', 'points': [[0, 33, 103, 5.497787143782138], [0, 58, 107, 5.497787143782138], [0, 76, 26, 2.819842099193151], [1, 85, 113, 4.71238898038469], [1, 107, 103, 4.3906384259880475], [0, 112, 84, 5.497787143782138], [0, 124, 52, 2.356194490192345], [0, 133, 79, 5.497787143782138], [0, 135, 65, 5.695182703632018]]} - 3
00004_49.bmp - {'img': '00004_43.bmp', 'points': [[0, 33, 83, 0.3217505543966423], [1, 35, 108, 5.961434752782944], [0, 44, 36, 0.5880026035475675], [1, 51, 126, 3.141592653589793], [0, 112, 125, 3.7295952571373605], [0, 118, 77, 3.9269908169872414], [0, 121, 48, 3.7295952571373605], [0, 122, 33, 4.71238898038469], [1, 128, 44, 0.5880026035475675], [1, 129, 23, 4.71238898038469], [1, 129, 34, 4.3906384259880475], [1, 138, 32, 5.961434752782944]]} - 2
00005_04.bmp - {'img': '00000_33.bmp', 'points': [[1, 36, 29, 3.4633432079864352], [0, 50, 127, 5.961434752782944], [0, 65, 112, 0.7853981633974483], [0, 76, 111, 0.982793723247329], [1, 77, 137, 4.71238898038469], [1, 118, 126, 0.3217505543966423], [0, 121, 47, 0.7853981633974483], [0, 125, 127, 0.3217505543966423], [1, 129, 50, 0.5880026035475675]]} - 1
00005_19.bmp - {'img': '00002_08.bmp', 'points': [[0, 59, 107, 3.141592653589793], [1, 60, 134, 4.71238898038469], [1, 62, 29, 5.034139534781332], [0, 66, 40, 3.141592653589793], [0, 79, 52, 3.4633432079864352], [1, 97, 127, 0.0], [0, 107, 56, 2.819842099193151], [0, 111, 109, 3.141592653589793], [0, 135, 88, 3.141592653589793]]} - 2
00006_15.bmp - {'img': '00006_12.bmp', 'points': [[0, 30, 129, 5.497787143782138], [0, 63, 74, 2.819842099193151], [0, 72, 81, 2.356194490192345], [0, 77, 37, 1.2490457723982544], [0, 92, 55, 1.8925468811915387], [0, 96, 97, 5.961434752782944], [1, 96, 105, 5.497787143782138], [0, 101, 111, 0.7853981633974483], [0, 108, 76, 2.356194490192345], [0, 120, 139, 0.7853981633974483], [0, 129, 94, 0.0], [1, 137, 125, 0.5880026035475675]]} - 2
00006_50.bmp - {'img': '00001_05.bmp', 'points': [[0, 33, 60, 1.5707963267948966], [0, 40, 128, 4.3906384259880475], [0, 48, 82, 4.71238898038469], [1, 50, 67, 4.71238898038469], [0, 55, 43, 1.5707963267948966], [1, 56, 26, 1.5707963267948966], [0, 56, 128, 4.71238898038469], [0, 71, 133, 4.124386376837122], [0, 88, 136, 4.124386376837122], [0, 101, 52, 4.3906384259880475], [1, 102, 32, 1.2490457723982544], [0, 113, 132, 3.9269908169872414], [0, 128, 48, 3.7295952571373605], [0, 128, 105, 3.9269908169872414], [1, 131, 81, 1.2490457723982544]]} - 2
00007_64.bmp - {'img': '00000_15.bmp', 'points': [[0, 23, 45, 0.3217505543966423], [1, 33, 43, 0.0], [1, 39, 30, 4.71238898038469], [1, 88, 97, 5.034139534781332], [0, 97, 59, 0.982793723247329], [1, 98, 91, 3.4633432079864352], [0, 99, 65, 3.4633432079864352], [1, 101, 108, 4.3906384259880475], [1, 106, 48, 4.3906384259880475], [0, 111, 63, 4.3906384259880475], [1, 113, 48, 0.3217505543966423], [1, 113, 56, 4.71238898038469]]} - 1
00007_67.bmp - {'img': '00001_18.bmp', 'points': [[1, 30, 64, 5.034139534781332], [0, 35, 81, 5.961434752782944], [0, 38, 53, 0.0], [0, 46, 33, 0.0], [0, 47, 96, 5.961434752782944], [0, 56, 23, 0.0], [0, 57, 130, 5.695182703632018], [1, 58, 117, 4.71238898038469], [1, 64, 106, 5.034139534781332], [0, 76, 94, 0.0], [0, 91, 127, 5.695182703632018], [1, 93, 37, 3.7295952571373605], [0, 104, 92, 0.0], [1, 111, 41, 0.5880026035475675], [0, 126, 27, 3.4633432079864352], [0, 126, 99, 0.0], [0, 130, 53, 3.141592653589793]]} - 3
00008_39.bmp - {'img': '00003_27.bmp', 'points': [[1, 31, 138, 4.71238898038469], [1, 33, 97, 0.0], [1, 56, 105, 0.5880026035475675], [0, 64, 111, 0.3217505543966423], [0, 67, 53, 3.141592653589793], [1, 102, 64, 0.0], [1, 112, 91, 5.961434752782944], [0, 127, 113, 0.3217505543966423], [1, 134, 93, 3.4633432079864352]]} - 2
00008_49.bmp - {'img': '00001_05.bmp', 'points': [[0, 33, 60, 1.5707963267948966], [0, 40, 128, 4.3906384259880475], [0, 48, 82, 4.71238898038469], [1, 50, 67, 4.71238898038469], [0, 55, 43, 1.5707963267948966], [1, 56, 26, 1.5707963267948966], [0, 56, 128, 4.71238898038469], [0, 71, 133, 4.124386376837122], [0, 88, 136, 4.124386376837122], [0, 101, 52, 4.3906384259880475], [1, 102, 32, 1.2490457723982544], [0, 113, 132, 3.9269908169872414], [0, 128, 48, 3.7295952571373605], [0, 128, 105, 3.9269908169872414], [1, 131, 81, 1.2490457723982544]]} - 3
00009_24.bmp - {'img': '00009_66.bmp', 'points': [[0, 27, 117, 2.5535900500422257], [1, 36, 117, 5.695182703632018], [0, 62, 126, 2.356194490192345], [1, 81, 45, 3.141592653589793], [0, 82, 134, 2.1587989303424644], [0, 98, 39, 1.2490457723982544], [1, 108, 35, 4.3906384259880475], [0, 111, 91, 1.8925468811915387], [1, 118, 33, 1.5707963267948966], [0, 119, 69, 1.8925468811915387], [0, 124, 45, 1.5707963267948966]]} - 3
00009_47.bmp - {'img': '00009_49.bmp', 'points': [[0, 37, 118, 4.3906384259880475], [1, 38, 80, 4.3906384259880475], [0, 40, 101, 4.71238898038469], [1, 48, 60, 4.71238898038469], [0, 49, 135, 4.3906384259880475], [0, 53, 75, 4.71238898038469], [0, 64, 40, 5.961434752782944], [0, 85, 28, 5.961434752782944], [1, 122, 24, 5.034139534781332], [0, 130, 112, 0.982793723247329], [0, 143, 27, 5.961434752782944]]} - 5
